1109700,12,4
1056998,12,5
903692,12,3
2380973,12,4
497196,12,3
74144,12,3
2075969,12,5
2535052,12,3
76196,12,1
2648502,12,5
424286,12,3
1951144,12,2
269983,12,2
1977959,12,2
1477730,12,3
1984086,12,5
1521648,12,3
2043617,12,2
2436788,12,4
2201224,12,4
1173459,12,3
1224299,12,3
2030523,12,5
125296,12,4
1343332,12,3
1673185,12,3
300146,12,3
1400206,12,3
1027819,12,3
1220170,12,5
1767208,12,3
2154704,12,3
1398240,12,3
1303151,12,4
929308,12,4
1843132,12,3
959714,12,3
582662,12,5
1080872,12,3
1427045,12,3
587812,12,4
2040464,12,3
1282044,12,3
1933327,12,5
354091,12,4
2202112,12,4
447339,12,3
1265763,12,5
1564651,12,3
2501391,12,4
1199523,12,4
1741099,12,5
288956,12,4
2119337,12,4
2183559,12,1
1298304,12,4
1932777,12,3
1810074,12,3
1172075,12,4
2183025,12,3
1927580,12,2
716874,12,3
202667,12,3
103619,12,3
2486771,12,4
2253160,12,3
459044,12,3
2508652,12,3
1249577,12,5
2604264,12,4
2429018,12,4
380283,12,3
349572,12,4
49585,12,1
2374726,12,3
1691746,12,3
1773066,12,3
1217301,12,3
1600209,12,4
1272379,12,1
1750544,12,5
1788346,12,1
1711812,12,3
831103,12,4
2035299,12,4
1947371,12,5
1575462,12,4
1583129,12,5
1703879,12,3
1342785,12,5
1216755,12,5
1325452,12,4
1781790,12,5
249198,12,4
504211,12,3
491293,12,3
782611,12,1
834724,12,3
2630337,12,5
2439493,12,1
2073838,12,5
793321,12,2
1964514,12,5
530789,12,5
1068821,12,4
1371822,12,3
2219070,12,1
896366,12,3
596550,12,3
388863,12,4
2507646,12,3
2442531,12,3
2227850,12,4
782308,12,5
1545709,12,3
238740,12,2
753555,12,5
831494,12,3
1452454,12,4
1355138,12,5
2080674,12,3
1939431,12,3
1192459,12,3
139694,12,4
1290669,12,4
1258099,12,3
1928290,12,2
74320,12,5
684876,12,3
907760,12,5
895050,12,4
1351769,12,4
1456837,12,3
1771252,12,3
528356,12,4
792534,12,2
2579306,12,3
1313714,12,2
1531029,12,2
1177340,12,4
1478933,12,2
399376,12,3
2310889,12,2
212963,12,3
1256419,12,3
1521657,12,2
2208519,12,2
757456,12,1
1090853,12,3
685795,12,5
851231,12,4
1262404,12,4
1571299,12,5
221926,12,4
485461,12,5
850678,12,3
818752,12,4
1502997,12,4
235562,12,3
1952959,12,3
1243711,12,2
2197982,12,4
905909,12,2
792808,12,1
277837,12,2
1253534,12,3
1876520,12,1
1753638,12,3
479920,12,5
1163442,12,4
2136927,12,3
1880009,12,3
1036350,12,3
2127497,12,3
1655837,12,5
994993,12,4
496436,12,1
2051278,12,4
949256,12,3
1303465,12,2
419225,12,4
1597685,12,5
694642,12,4
118314,12,3
1304471,12,3
998104,12,4
1568056,12,5
924104,12,3
507603,12,1
1745404,12,3
1172980,12,5
1068988,12,3
2261989,12,4
584615,12,4
1165236,12,4
852166,12,3
2255931,12,3
584201,12,5
1935937,12,5
2252455,12,3
941431,12,3
320314,12,5
2260832,12,3
1222207,12,3
2532402,12,2
117507,12,4
176300,12,2
2250323,12,3
2047485,12,3
1470123,12,1
308422,12,3
1538160,12,3
858492,12,4
444991,12,5
734544,12,3
1132764,12,5
1106378,12,3
1664010,12,5
609629,12,5
268871,12,3
1090223,12,4
38147,12,4
2342550,12,3
554225,12,3
242171,12,3
136601,12,3
495800,12,4
499257,12,2
1621857,12,3
83858,12,5
1353566,12,5
1394012,12,5
2490049,12,2
1496851,12,3
1586449,12,5
873713,12,1
890221,12,5
2509048,12,5
854398,12,4
347605,12,3
1776165,12,4
2246248,12,4
1691893,12,2
862040,12,3
1301819,12,3
1535722,12,5
1298511,12,1
230252,12,5
1949871,12,3
679429,12,5
1656593,12,3
1772215,12,3
1510380,12,3
1011240,12,3
874731,12,4
1998128,12,2
981753,12,3
2473781,12,3
1444057,12,4
1935793,12,3
2555614,12,5
71594,12,3
1273033,12,2
297310,12,2
139473,12,4
66120,12,4
1066199,12,4
2335457,12,3
350350,12,4
862151,12,2
496831,12,2
901436,12,2
93325,12,4
713230,12,5
2636478,12,4
1238184,12,4
934679,12,3
1349717,12,4
2518168,12,4
1927026,12,4
1622407,12,4
467596,12,2
495567,12,3
2449001,12,3
1556831,12,3
438340,12,3
1894544,12,4
91120,12,3
529889,12,3
2072811,12,3
491531,12,3
2284890,12,4
2607155,12,1
748141,12,3
1232086,12,4
2415041,12,5
1139925,12,3
838665,12,3
2086901,12,3
2446344,12,3
2126168,12,3
2309712,12,3
745651,12,3
735623,12,5
2098913,12,4
271346,12,3
1773304,12,3
23580,12,4
564895,12,4
1443495,12,4
1782686,12,2
1146000,12,3
1401393,12,4
1316788,12,3
1840584,12,4
362622,12,4
2479015,12,5
2102846,12,3
1467176,12,3
2127108,12,3
1988375,12,4
2247454,12,3
1299887,12,4
2430041,12,3
2488897,12,4
522647,12,4
1480900,12,4
2008700,12,5
986712,12,4
521074,12,4
259937,12,4
904842,12,4
2352307,12,3
2426167,12,3
319058,12,4
1494683,12,3
1541133,12,3
2212628,12,3
834752,12,4
662925,12,4
1854660,12,1
1476852,12,5
705591,12,3
500282,12,4
305344,12,4
1112506,12,4
1669116,12,4
2531311,12,3
2412874,12,3
2226510,12,4
330599,12,3
2207042,12,5
1268171,12,5
2371144,12,5
1205174,12,4
1099404,12,3
1719780,12,3
1676752,12,3
2147527,12,2
2204671,12,4
2438832,12,3
256278,12,4
1547977,12,3
662530,12,4
3458,12,3
2464081,12,4
620010,12,4
2188684,12,4
453831,12,3
1632078,12,4
2150746,12,3
160114,12,4
1876068,12,5
1812156,12,3
1459971,12,4
1944012,12,4
1529449,12,3
1507886,12,4
494014,12,4
2584676,12,5
1123618,12,2
1223912,12,3
2407994,12,3
2472506,12,2
2185222,12,4
644104,12,5
1854414,12,3
2187377,12,3
1420308,12,4
354384,12,4
1484825,12,5
1962325,12,3
717991,12,3
1552874,12,4
2276002,12,2
1637265,12,5
417046,12,3
236414,12,4
1468051,12,2
2511278,12,4
1885503,12,3
2158747,12,2
290342,12,4
2273335,12,4
752642,12,3
2445689,12,4
1107588,12,4
888125,12,4
507873,12,1
2255880,12,4
426770,12,4
2594013,12,3
833998,12,1
2237101,12,4
1526365,12,4
1561960,12,1
838773,12,2
346924,12,3
2238663,12,5
863644,12,3
679415,12,5
2205547,12,2
896279,12,3
2507459,12,1
569566,12,2
1772525,12,4
1022808,12,2
940066,12,2
783570,12,4
411290,12,4
873809,12,5
944613,12,4
303002,12,3
2577467,12,5
1987321,12,3
1037705,12,4
249264,12,3
1336172,12,4
2133714,12,5
800924,12,5
2138793,12,3
2152465,12,2
1169361,12,2
1795822,12,4
2015614,12,3
2305495,12,2
235786,12,5
2118461,12,4
1418521,12,3
178982,12,4
542848,12,5
377114,12,2
387418,12,1
754161,12,5
1310425,12,4
963663,12,5
155142,12,3
1250802,12,5
1114324,12,1
1029163,12,3
253971,12,2
107909,12,4
1993723,12,3
1263386,12,2
1391654,12,3
96794,12,1
1836124,12,3
2020385,12,5
794999,12,5
97608,12,3
2153721,12,2
1298036,12,4
356615,12,1
405572,12,3
864269,12,4
1818263,12,3
2120289,12,5
2070952,12,3
849959,12,4
807873,12,5
1302981,12,2
1663888,12,4
2305752,12,3
2350588,12,5
684231,12,4
404751,12,4
1267805,12,3
8388,12,5
1519692,12,3
1143780,12,4
2041854,12,5
779485,12,3
2179492,12,5
652331,12,3
966688,12,1
2291170,12,5
1780156,12,3
1204865,12,3
918773,12,2
1872980,12,3
2159934,12,2
531937,12,3
1241958,12,5
1975521,12,1
1639792,12,1
1233297,12,3
1336792,12,3
1184328,12,4
135215,12,3
474673,12,3
998236,12,4
1569103,12,4
2143500,12,3
1607558,12,3
1385895,12,1
1807199,12,3
2621229,12,5
1033930,12,3
1454008,12,3
1545694,12,3
557502,12,5
1491809,12,4
2238060,12,2
1005941,12,4
2135824,12,2
2638183,12,5
2606295,12,3
1462587,12,4
1416729,12,4
1933961,12,5
2269100,12,4
2254512,12,4
206893,12,4
237263,12,3
749876,12,3
291097,12,5
2460130,12,3
339867,12,4
1049259,12,4
320177,12,3
1750930,12,4
900899,12,3
1300759,12,5
1259374,12,3
543889,12,2
651184,12,5
