1745265,5,5
885013,5,5
1997470,5,5
30878,5,1
840543,5,4
2477414,5,5
1409354,5,3
589967,5,4
264160,5,5
2084362,5,4
1881496,5,3
240705,5,5
1650301,5,2
1815614,5,1
1454357,5,4
624145,5,3
1310327,5,4
2012897,5,5
17063,5,5
47411,5,5
966474,5,5
1985633,5,4
47195,5,5
2365827,5,5
2451669,5,4
378377,5,3
2029786,5,4
2183726,5,4
36818,5,5
1247469,5,5
729471,5,4
2371776,5,3
1903571,5,5
1422810,5,4
2101722,5,4
2187025,5,2
122846,5,5
167540,5,1
1518964,5,3
154819,5,3
161395,5,4
2083234,5,5
1083500,5,4
119496,5,5
440789,5,4
710202,5,2
659037,5,5
152619,5,3
2064033,5,1
2469155,5,5
1148739,5,5
39526,5,4
2211487,5,4
81608,5,3
1702824,5,3
526348,5,5
809943,5,4
1357151,5,1
2519335,5,5
1293611,5,5
229971,5,1
1920472,5,5
2092288,5,4
1208745,5,4
600362,5,1
482328,5,5
483018,5,5
350559,5,5
1547617,5,5
1232953,5,4
856985,5,3
2119007,5,5
142054,5,5
650326,5,5
1183833,5,5
794717,5,3
467152,5,5
2425992,5,4
1564058,5,4
952944,5,3
1202823,5,4
1040453,5,5
2415579,5,3
1085863,5,3
783838,5,4
401047,5,1
2151076,5,3
314110,5,5
2560258,5,5
2413982,5,4
1049975,5,4
2537655,5,3
921104,5,3
2346936,5,3
2563665,5,5
2647871,5,5
2528088,5,4
1784150,5,2
1749746,5,5
1318167,5,4
162804,5,5
743694,5,5
1207247,5,5
350055,5,4
2523436,5,5
1919770,5,4
903241,5,5
498014,5,4
11186,5,4
254349,5,4
480419,5,3
100750,5,5
2401585,5,5
356771,5,4
2544532,5,4
1171928,5,5
264429,5,4
57332,5,5
1613839,5,4
1652711,5,3
1972677,5,5
2446265,5,4
826604,5,5
756709,5,1
892663,5,5
2536534,5,3
198936,5,4
2406644,5,5
2247402,5,4
1928179,5,4
1145629,5,4
1462959,5,5
956229,5,1
2648650,5,3
1608763,5,5
1722968,5,1
1419751,5,1
398551,5,1
1400875,5,3
87983,5,5
1217714,5,4
1231889,5,4
1136646,5,4
927276,5,5
1440344,5,4
852374,5,5
727242,5,1
938804,5,1
2091844,5,4
415982,5,5
1030857,5,1
1135243,5,3
211280,5,3
1256866,5,5
1810565,5,4
430459,5,5
1282311,5,5
1815688,5,5
1672790,5,5
1576996,5,4
1216467,5,4
1103576,5,5
1024285,5,3
88959,5,2
1119579,5,5
94714,5,3
1013802,5,1
1302057,5,5
592914,5,4
2570003,5,5
1722346,5,5
1578746,5,5
1982026,5,5
1748471,5,5
1734371,5,4
929320,5,5
1658732,5,5
1078032,5,5
1314869,5,1
851410,5,4
1759886,5,4
1718751,5,4
909386,5,5
1439866,5,5
2262982,5,3
2466950,5,5
2449033,5,4
2543811,5,5
2051379,5,1
1243537,5,5
2080842,5,2
636262,5,1
611870,5,4
1599245,5,5
473435,5,5
360394,5,2
2255167,5,5
2062763,5,4
113585,5,4
1705330,5,4
523720,5,4
2048858,5,1
1670942,5,3
430715,5,4
415946,5,5
2596667,5,4
1407684,5,5
401117,5,3
1707145,5,1
1727327,5,3
1215759,5,5
180639,5,1
2075156,5,2
2585607,5,4
340002,5,5
1819462,5,1
685717,5,2
2391686,5,4
1740282,5,4
428831,5,1
1741947,5,1
1844046,5,3
836997,5,5
2439493,5,1
860246,5,5
306105,5,5
663309,5,5
479924,5,5
980693,5,4
429061,5,4
231625,5,5
2345694,5,3
2610959,5,5
2005484,5,3
449269,5,5
2591081,5,5
333514,5,5
1478210,5,4
2218194,5,5
762066,5,5
924609,5,5
630196,5,5
2573143,5,4
266900,5,5
592003,5,5
569386,5,5
163602,5,3
824811,5,5
1882319,5,5
2031838,5,5
2124994,5,5
1452127,5,5
1910320,5,2
268092,5,3
1439019,5,3
2038778,5,4
2609896,5,5
1563935,5,1
1206290,5,4
2465597,5,5
491694,5,4
1946021,5,4
1558516,5,4
1161556,5,4
1906043,5,4
2191176,5,4
92849,5,5
2594005,5,4
1297687,5,3
2435695,5,5
1767421,5,4
755939,5,5
1452454,5,5
2068728,5,1
2235949,5,4
659639,5,4
598610,5,4
2282679,5,5
512037,5,5
75120,5,4
1238047,5,4
1772324,5,3
382445,5,4
145599,5,4
2591418,5,5
534046,5,5
1637788,5,5
99400,5,5
328212,5,3
592122,5,5
1473980,5,2
1128620,5,5
2403154,5,4
1303711,5,5
455025,5,5
2373537,5,5
530475,5,5
946156,5,5
2577383,5,4
200805,5,5
1531029,5,1
1150494,5,5
422864,5,4
2038701,5,3
2158444,5,5
1290356,5,5
129404,5,5
2259085,5,5
1219097,5,3
854411,5,5
2536523,5,4
679849,5,4
2233682,5,5
1363879,5,5
833176,5,5
1976232,5,5
2159285,5,4
1568186,5,1
124742,5,5
2153610,5,5
433426,5,5
1899913,5,5
508584,5,3
962019,5,4
2534006,5,4
314635,5,4
2042196,5,4
2269379,5,5
2548334,5,5
1433542,5,5
1140387,5,5
1119113,5,1
77747,5,2
1648423,5,5
2467177,5,5
74925,5,3
902680,5,4
1115198,5,4
2424683,5,5
1666920,5,3
2164954,5,5
769702,5,1
1999176,5,2
501823,5,5
1793530,5,4
1716193,5,5
1743759,5,1
141806,5,5
944245,5,4
1975202,5,4
807225,5,5
1905989,5,5
571700,5,4
1755279,5,3
485369,5,4
1907524,5,5
1112982,5,4
2289095,5,1
991462,5,2
649963,5,4
1262327,5,4
1776884,5,4
1665183,5,5
1806602,5,4
770097,5,5
329506,5,3
886679,5,5
376730,5,3
1392168,5,5
337531,5,4
1961753,5,3
618272,5,1
132540,5,5
764896,5,3
162926,5,5
2550506,5,1
371814,5,5
994993,5,5
941026,5,2
1284365,5,5
1876928,5,5
19289,5,5
2254940,5,4
760605,5,3
806310,5,5
190213,5,1
2349538,5,5
975600,5,3
1691350,5,1
2323080,5,4
1577560,5,5
514495,5,3
721369,5,4
1771090,5,5
2089305,5,5
608537,5,2
70199,5,4
621279,5,1
334242,5,1
869766,5,2
2576076,5,4
91701,5,5
813424,5,5
1458517,5,1
2549990,5,5
859146,5,4
973761,5,5
2441843,5,1
413612,5,4
2411773,5,3
2189335,5,4
1441164,5,4
1455275,5,5
1146632,5,4
507603,5,1
490940,5,5
1678660,5,5
799442,5,4
2262463,5,3
1496376,5,1
2637755,5,4
1207257,5,5
1054182,5,4
797951,5,5
2416466,5,3
2190131,5,5
1916394,5,4
2064713,5,2
627040,5,5
1640334,5,4
910295,5,3
1695809,5,4
2473227,5,5
33256,5,4
1107660,5,5
2386606,5,3
358664,5,5
1155580,5,4
477101,5,4
2578830,5,4
407560,5,5
2620775,5,4
690212,5,2
2260832,5,2
1120985,5,4
2549746,5,4
117779,5,5
264900,5,5
713004,5,4
1656133,5,4
1199901,5,4
1470123,5,4
762640,5,5
284978,5,5
936891,5,3
2380030,5,5
1160178,5,5
1595756,5,4
1374068,5,5
1206822,5,5
2218039,5,5
1583370,5,3
1225396,5,4
1141610,5,5
107880,5,5
2437761,5,4
537150,5,4
1679359,5,4
931793,5,5
1502317,5,3
2327480,5,3
1131860,5,5
95713,5,5
1934110,5,1
1664010,5,5
151699,5,5
486822,5,5
1805980,5,4
2097763,5,4
885940,5,5
518550,5,5
1542063,5,5
1339769,5,4
1955874,5,4
1863558,5,4
1354427,5,2
753107,5,3
744706,5,3
2290290,5,5
1876443,5,4
1802241,5,5
1491740,5,5
1255433,5,4
1760752,5,5
1605728,5,4
1133048,5,4
900726,5,4
804243,5,5
873713,5,1
1471238,5,5
1442154,5,1
1916302,5,5
753127,5,4
1405941,5,1
1690808,5,4
643813,5,4
1580631,5,5
1349661,5,1
1952917,5,5
300683,5,4
1236246,5,3
1441651,5,3
634883,5,5
2645214,5,4
792580,5,1
2375677,5,4
1283426,5,5
1173846,5,4
1690112,5,5
2204951,5,2
479118,5,1
1115828,5,5
2491682,5,4
1962176,5,4
1678071,5,5
519130,5,5
2468972,5,4
2550299,5,4
382817,5,5
1788942,5,5
683124,5,5
1116538,5,5
988097,5,5
977191,5,4
888448,5,5
1190391,5,3
221558,5,5
2204490,5,3
848655,5,5
1439651,5,5
2604090,5,5
1407578,5,1
2156560,5,4
1634594,5,1
893031,5,4
1864839,5,4
1001775,5,4
23948,5,4
1948186,5,5
1934271,5,4
1935793,5,3
2145693,5,5
2170665,5,5
1390884,5,1
409927,5,5
1622277,5,1
1095459,5,4
2296144,5,3
660822,5,5
812458,5,5
81979,5,5
2098404,5,1
1866900,5,5
2134826,5,4
601778,5,5
778256,5,5
2396982,5,5
330381,5,4
64423,5,5
2378494,5,4
2601476,5,5
613805,5,5
963361,5,4
1794541,5,5
1922614,5,5
1059847,5,5
1698260,5,4
2473451,5,5
3321,5,4
2461719,5,4
1778955,5,3
608234,5,4
896146,5,5
2126421,5,5
728413,5,1
261764,5,1
2262004,5,5
1020189,5,2
1146126,5,5
1800569,5,5
684850,5,4
1100357,5,4
2056368,5,5
178803,5,5
1848170,5,5
844642,5,5
2438925,5,5
647037,5,5
779140,5,5
805103,5,5
1420596,5,5
900307,5,4
1749017,5,4
2514909,5,4
2020353,5,3
448251,5,5
1451564,5,5
1532001,5,1
724270,5,5
609556,5,4
849580,5,5
2560342,5,3
930909,5,5
1093821,5,4
491531,5,1
1792137,5,1
1597116,5,5
1088785,5,2
2252604,5,4
1317671,5,2
1767952,5,5
68457,5,5
1112588,5,5
1962909,5,4
440520,5,5
2645030,5,5
539354,5,5
950730,5,5
666860,5,4
8117,5,5
695915,5,4
333272,5,3
2627828,5,4
91944,5,4
1876011,5,5
1777614,5,3
152405,5,4
2606799,5,1
1780330,5,4
240713,5,3
2203182,5,1
107494,5,1
1739098,5,5
777147,5,5
45512,5,5
688357,5,4
228261,5,5
553668,5,5
1390458,5,5
2333152,5,5
1505707,5,5
1171916,5,5
1466233,5,5
2086129,5,4
2194429,5,1
261262,5,2
928792,5,4
838702,5,5
1616556,5,5
851368,5,5
1446048,5,5
949403,5,5
2452799,5,4
2524059,5,5
2434422,5,3
201811,5,4
759737,5,3
1169171,5,5
1823592,5,5
1655508,5,3
1605584,5,4
492058,5,4
1480841,5,5
2500677,5,4
860196,5,5
2039673,5,5
397847,5,5
586421,5,4
2470213,5,5
807111,5,4
1223473,5,4
504620,5,1
1071476,5,3
1431901,5,3
876633,5,3
264679,5,3
959168,5,3
2561674,5,2
1104245,5,3
1597057,5,5
1512849,5,2
1706044,5,5
215391,5,4
194861,5,5
2648122,5,4
208850,5,5
1686442,5,5
1813846,5,5
591866,5,3
2283472,5,4
2547639,5,5
446433,5,2
2048079,5,1
97208,5,2
383108,5,1
1667288,5,4
1070779,5,5
319058,5,2
31361,5,4
1587025,5,5
1866280,5,5
1488781,5,5
705787,5,3
173784,5,5
576763,5,5
221630,5,1
2570949,5,4
966156,5,5
1778568,5,4
56113,5,5
811782,5,4
99310,5,3
1793075,5,4
984703,5,5
305344,5,1
1719118,5,1
740671,5,5
203576,5,5
1027454,5,5
2079810,5,1
101246,5,5
2078294,5,4
635184,5,5
481649,5,5
997543,5,4
1148674,5,5
29350,5,1
2022147,5,4
1276269,5,5
1945567,5,3
2300421,5,3
2136350,5,3
2445424,5,5
2223630,5,4
544832,5,1
897360,5,3
2033036,5,4
1096005,5,5
1403217,5,2
1573610,5,5
473490,5,4
498469,5,5
2276790,5,1
2628777,5,4
623943,5,5
1722514,5,5
2428576,5,5
2147527,5,1
651230,5,1
755078,5,5
401315,5,5
332025,5,4
1322657,5,1
2604633,5,2
1476342,5,3
525402,5,5
2039705,5,5
1046222,5,5
590466,5,5
209999,5,5
868608,5,4
2365445,5,5
1663675,5,4
2150746,5,4
114884,5,1
2412385,5,4
2294287,5,3
160474,5,5
2374568,5,3
1715795,5,5
1165712,5,5
2021286,5,5
2084207,5,4
2576340,5,3
1263557,5,5
2201317,5,4
2430267,5,5
451353,5,4
1773018,5,5
258801,5,5
940590,5,5
1601247,5,5
1190977,5,3
1073396,5,4
1518510,5,5
632175,5,5
181620,5,4
225527,5,4
159325,5,5
884736,5,5
1452669,5,2
989768,5,4
1745577,5,5
2202058,5,5
282064,5,5
931475,5,1
2388628,5,3
1296172,5,4
1030674,5,5
1692302,5,2
1458838,5,5
149144,5,5
2049454,5,4
364983,5,5
402389,5,5
589682,5,1
1939074,5,5
779476,5,2
2092479,5,2
386985,5,5
760104,5,5
1934002,5,1
802013,5,4
1488235,5,5
882958,5,5
1461667,5,5
2342999,5,5
980850,5,5
597410,5,5
1085570,5,4
752642,5,1
237861,5,3
1908820,5,5
1760386,5,3
412910,5,5
1003773,5,5
2266900,5,5
327256,5,5
954804,5,5
2138572,5,5
403058,5,5
2118727,5,4
1133763,5,5
62802,5,4
1618738,5,4
414246,5,4
663355,5,5
1360238,5,5
1284347,5,5
2387891,5,5
576584,5,3
742766,5,3
731988,5,2
169949,5,5
2284281,5,5
2500031,5,5
934163,5,1
685,5,3
113535,5,1
2594130,5,4
878148,5,1
2463066,5,1
2581182,5,5
1312396,5,3
400372,5,3
196497,5,5
88528,5,4
2499884,5,4
835091,5,4
96096,5,4
2619176,5,5
1490243,5,5
454724,5,5
539791,5,4
574778,5,4
159822,5,2
253760,5,5
2474137,5,5
1262900,5,4
64413,5,5
1653821,5,3
1445262,5,5
1917577,5,5
1677138,5,5
1506456,5,5
2176465,5,1
2164084,5,2
2426088,5,1
1846827,5,4
230298,5,4
2441503,5,4
19006,5,5
997632,5,4
13432,5,3
857132,5,5
676062,5,4
1522302,5,4
1617293,5,4
525887,5,5
2031314,5,2
908626,5,5
620938,5,5
1937187,5,4
524113,5,5
1435417,5,3
2192840,5,1
1094851,5,4
2629637,5,5
2150831,5,4
163647,5,3
657699,5,3
1376712,5,3
1182669,5,4
2352287,5,5
1262145,5,5
2163486,5,5
1134590,5,5
273956,5,5
2305495,5,5
2217808,5,4
876553,5,4
2118461,5,5
2412801,5,5
78771,5,3
544571,5,5
2531020,5,5
1426402,5,4
1406452,5,5
457097,5,5
815065,5,5
1584985,5,4
1125538,5,5
2442868,5,5
1210905,5,5
396595,5,5
387418,5,1
1738052,5,5
1020125,5,5
746154,5,5
1151698,5,5
135340,5,3
2139182,5,4
968636,5,4
2424096,5,5
1309683,5,5
480612,5,1
1556617,5,1
595674,5,4
251824,5,1
348960,5,4
434071,5,2
2446512,5,5
2290010,5,4
2334126,5,5
371224,5,4
2520933,5,1
1114324,5,4
350541,5,5
1579484,5,5
2463569,5,4
1008749,5,4
1098977,5,5
1083425,5,5
835353,5,4
715062,5,4
2160590,5,5
1960295,5,1
1067062,5,5
1668233,5,4
1243124,5,4
340479,5,1
43422,5,5
2002130,5,5
996349,5,4
1297031,5,3
1056078,5,4
1932594,5,2
2283349,5,5
1881627,5,4
775861,5,5
691460,5,3
1985123,5,5
2570844,5,4
1792311,5,4
1116065,5,1
1783814,5,1
909164,5,4
1496861,5,4
534152,5,5
1924795,5,5
699522,5,1
1522983,5,3
1276712,5,5
799207,5,4
651807,5,3
277762,5,4
1990473,5,5
1609187,5,2
2252902,5,5
1485442,5,5
1107471,5,5
2575787,5,3
1100348,5,5
1448701,5,5
1461435,5,1
2171359,5,4
1922954,5,5
1874618,5,1
2620409,5,5
1316887,5,2
329475,5,5
1450925,5,5
2369115,5,5
2550311,5,3
1155329,5,4
1617608,5,2
2503713,5,3
630039,5,4
2490858,5,5
1693092,5,1
2642001,5,4
1808686,5,5
1980702,5,4
1334401,5,2
1127529,5,3
2406705,5,1
1719756,5,4
1130641,5,5
1893668,5,1
622995,5,5
1152376,5,5
1352300,5,1
1838586,5,1
789965,5,4
2442597,5,4
2492103,5,4
1076087,5,1
1787280,5,5
1515355,5,5
1311587,5,4
2436412,5,4
60582,5,5
2498681,5,5
1549225,5,1
1662625,5,5
807361,5,4
514618,5,2
2102192,5,1
371701,5,2
2613105,5,5
1294030,5,1
21153,5,5
1170034,5,4
2385007,5,5
1132285,5,3
334959,5,5
1176502,5,3
448879,5,5
1845480,5,5
368977,5,5
648643,5,5
2274712,5,5
2457767,5,4
2355654,5,3
358167,5,3
374418,5,4
2487092,5,4
536526,5,3
1181605,5,4
2540684,5,5
313891,5,5
481241,5,4
877404,5,4
204101,5,5
2122377,5,4
1210948,5,3
1203279,5,5
1606864,5,3
505967,5,5
2190079,5,5
977551,5,1
681208,5,5
2003656,5,5
1835306,5,5
1143203,5,4
1031692,5,4
1128196,5,3
941279,5,3
1083507,5,4
1716976,5,5
515436,5,1
239678,5,5
1712385,5,5
2390348,5,3
2491400,5,4
1419621,5,5
2612306,5,5
2504092,5,5
128293,5,4
1117357,5,3
1420080,5,5
1288630,5,4
144938,5,1
645838,5,4
2124888,5,5
1538319,5,4
953667,5,3
1626770,5,4
92411,5,5
2192930,5,4
1983863,5,5
46154,5,5
2343550,5,4
1845488,5,4
1385199,5,3
2076631,5,2
2322862,5,4
1806884,5,5
905974,5,4
563237,5,5
2461371,5,1
933124,5,4
1374023,5,3
1125075,5,4
1502812,5,3
2311028,5,1
237550,5,5
788980,5,3
2234041,5,5
521295,5,3
2115919,5,3
999312,5,4
1527578,5,4
1302027,5,5
1795694,5,2
1424777,5,4
2317644,5,5
1687086,5,5
1188337,5,4
2100070,5,1
